10 2 -873129580771448538940058586182283
2 10 110010111101110010011111101000100100111000110101111000101111101111101101111001100001110010111000000010101100101110100111101000
2 16 11111100010100111000000011010100011110000000101110111111101110101110100100100000110111100011100100000000
10 16 593851372216659226911839030355
10 -2608479417 + -22338170235325255170379
16 9C448 - A8E8A44EFC7D8F1A4571F
10 -4647 * 4302371896916613314517792614108589
10 36446868780624476630340083329890 / 3191122320557494
10 36446868780624476630340083329890 < 3191122320557494
10 36446868780624476630340083329890 > 3191122320557494
10 36446868780624476630340083329890 == 3191122320557494
2 11111100010100111000000011010100011110000000101110111111101110101110100100100000110111100011100100000000 <= 110010111101110010011111101000100100111000110101111000101111101111101101111001100001110010111000000010101100101110100111101000
2 11111100010100111000000011010100011110000000101110111111101110101110100100100000110111100011100100000000 >= 110010111101110010011111101000100100111000110101111000101111101111101101111001100001110010111000000010101100101110100111101000
2 11111100010100111000000011010100011110000000101110111111101110101110100100100000110111100011100100000000 & 110010111101110010011111101000100100111000110101111000101111101111101101111001100001110010111000000010101100101110100111101000
16 E0AAE7F0205714475707CDBEEF | B0ED697A738954261EF2436A5DCC
2 11111100010100111000000011010100011110000000101110111111101110101110100100100000110111100011100100000000 ^ 110010111101110010011111101000100100111000110101111000101111101111101101111001100001110010111000000010101100101110100111101000
2 ~ 10001110011110110100001111100101000000110100101001011010110111011110010111111100100110100101100001110101100010011110
2 010010001101100111101111110001001011010010000101110001001011110010000101111101000111000100101111110001011110101111011111000100 << 9
10 -6529624872154135214755416638567 >> 67
2 111001010000001101000111010000010111101000000001111100111000 ror 3
2 111101111100100000101000101100101110111011001010011010010010011111011111111011111010010110100001000011110010 rol 20